43718
459
36925
862
52692
19
62197
112695
26206
8172
132102
139445
5328
158400
139427
170244
141879
163731
10761
235928
82806
52525
13981
138217
138519
93624
237815
27703
196186
3173
119490
11103
112498
61733
32255
16815
678
197326
158339
1650
252442
77949
37415
412
151745
160244
40525
138851
222522
19950
34038
228956
35932
11157
69805
6199
95891
38204
11183
14042
18648
24922
50357
45531
89040
224110
2
141268
239644
227542
28763
104206
241445
85446
554
135763
355
29264
102195
13361
19924
32170
142132
32609
66059
173574
25174
140374
14135
111124
5289
48787
40642
27656
97887
95358
677
73227
102729
1142
186011
38209
138208
246447
65
1769
22707
106678
109601
42555
26204
128823
151238
48259
156586
5316
184485
79408
147810
748
45219
128393
4
12526
148237
11150
83878
17231
116173
15555
31633
189721
68958
8749
1870
74414
242382
38927
1003
157127
69117
19995
238898
