32978062
966476077
540872260
667597282
1268433227
1644941652
478967074
1997275148
1263076210
97909443
1280156010
1084311534
1465578938
252821517
2087617295
1503831758
694911339
317745363
668842532
1156778335
1485035672
133367264
542747433
1726663744
820968811
1995755346
1352280636
79002591
242641361
1613375087
692914469
831487127
224493308
346354970
1422157516
129175170
184422280
1503216682
246341286
332039032
124620554
705565856
431983856
55535114
1307414975
1248228124
208861511
2090588884
101446422
1454651475
683087427
584979402
1015565586
731283405
446009840
1252035802
371785227
237199346
793368985
707650341
1726143690
1157066621
1532239045
289432907
269092902
336914945
77647731
560934723
62209731
766457457
389621075
602261833
65157298
250489573
833125368
807047870
1145944977
144638711
1124641411
264591511
652434785
901414552
799904262
1369665736
531900665
1647552718
1295995288
415290387
14612679
156931315
1752562063
242675278
1621588255
823674875
293870116
1477478489
692065508
508139732
1400436648
84116130
433502666
511131517
269211268
241861357
271190311
22268134
1881779708
526750703
67041818
1134457793
118679010
1215617
27679224
805194644
1250143243
152352724
113227323
489731204
282130478
763697936
1207508618
1036656725
972771731
1630570108
746370374
259488104
541587573
606581968
451243056
262125969
848650534
57132912
1657262087
1165668326
427921127
534665812
1841591319
227131393
529440671
332342939
1060770994
306323165
957967579
1682216478
1527282955
449235656
524551263
35743124
129739893
745295008
1016678611
782864064
558580752
114888758
12988052
979535642
41924093
25512588
602722046
699901820
249447480
1563718754
384197516
394194953
600568512
1047644041
388443711
462707504
117101509
709602223
268961955
691144194
391027989
673938396
935855547
1681450928
165324180
1504168640
690030232
578789380
874461709
268227288
1919417200
709270854
1445194376
405783267
763344336
1296858789
551358439
1490423391
1778277370
107612660
507461704
150590753
1702675585
1641161988
210525534
591458978
192708417
1622820765
540989978
628721022
1088784006
1479622307
966662609
730273671
217097863
527695092
997845379
1781638332
270143179
304657026
508765198
1716022194
728362163
995138588
132011711
747283183
501857224
402765378
16924957
699826152
68681232
280933042
641933661
1390490278
253154873
962747754
275174899
556788963
1155910300
1651594854
710311302
1635634137
803001866
17518859
1570725598
491196646
2106740247
124955889
761492293
1277396749
514727225
753923222
691256300
207394600
537755555
602608142
958537465
1969116508
1056575843
53793829
952411687
1140341029
1891037935
306043991
415146793
806917774
1567844951
1151504358
1768895376
1383640868
499982961
917329042
1774432927
276362148
685245800
1156899115
1749842589
66054327
1316158730
1808884244
1838808782
1048252661
12396723
701655464
1098743834
1158770284
1264744209
138879631
540413026
408687426
1078791352
1011449880
158281104
946573444
1843776646
1648097738
1889864545
1191069674
1480530779
770338720
678410157
1915131186
1836517422
905681896
466605557
180326263
1041712858
1677118525
294676484
1083411106
1084309482
1581804251
958762147
1665127546
346771302
1306175044
880112572
357432201
1124518046
998141774
222431862
509842773
1598994695
607218755
161814170
609475766
340803896
227674342
538846335
1177807613
1464537300
1194321790
1228453907
1881405151
185064860
1013595486
26574498
1492956411
597991427
586994573
396134953
761698148
65481335
47605311
1465900923
1338928899
1050340102
410710510
595920264
1797401786
2079027839
1891661683
1603344105
23442716
1332973566
342469368
1212609579
1127650661
281012338
1075467447
818658888
703077655
1100869832
1420664711
509147696
1011584671
1780799226
1068429448
1066788871
1209134662
385874101
814995235
201096590
81608465
1756351302
130995000
338560440
1811962307
286548128
225239012
218345566
84516727
800366503
926354491
1198327560
1399086016
100830745
245713968
75533291
1545871853
683255510
358301267
414293814
484345506
1201555230
455147124
908014826
1149866289
967211385
648421295
862635327
476404037
647475161
267157526
914725589
441594417
726995930
1042923741
879362214
1275381452
117741250
293603282
593554620
1911305518
499783115
432390895
709057857
545115687
59591962
61372490
1271538100
1044729579
994050321
508101362
670597153
633847903
171481755
203292886
1856638677
1166462806
783743407
108024752
564698642
1112551560
1114805386
641477425
1408428924
396077507
400746479
934879219
15765295
144981868
1191605949
825112026
537267618
344381096
1413851907
1195145627
138939061
942542473
876434758
1137920723
1457050352
270380061
140473012
145516026
663451752
719158783
449068381
303811965
1581501010
109458060
910616508
171307288
424935151
1634400901
1441626235
554905097
542255213
1622066338
894664249
1667298776
796158943
2003098215
1108730767
519729156
575707516
1067031115
1702829814
1129451516
1923682312
75837698
1407174417
336769206
22223010
279488060
565503312
543222111
1823689130
2009093664
506548697
818729590
250716713
1612777985
348373602
495194522
1567280038
835787885
1327188833
1542003943
1873795459
654646574
1254905415
822895427
93529749
121083379
105812775
1217666703
222729901
620058767
1774804010
264635427
1224672123
317023242
289803894
1800805421
435988360
899507620
1832924782
1619353588
49049703
75860388
779736579
1382397669
503143097
184422654
756041539
1289297882
1119096245
528898016
1135289519
1146953269
125748442
233157331
1955781379
1614616434
1123910463
1098751665
669900614
353115872
547865111
689250849
581790351
6635144
1830428564
1282178640
497321236
1602829168
560575343
831233527
1463689385
246717640
835292538
459845343
620077652
397135163
1169121193
1168218987
199685882
1867593250
1208859938
1475049082
1030620878
2006905863
889069164
707385532
545484476
749279898
1819815568
738997218
762301905
777715107
1165934850
2074076627
740744444
822350765
325675080
1945901087
164450772
571217957
1065676728
940128964
1683843700
1224177338
1087735007
206509617
62378332
634923909
196845847
369366978
100454992
1772979711
605876861
887546432
978287162
25191245
367119347
105724969
1086633920
1221128038
459021606
915774364
18187085
47737319
176290422
610178889
167499898
1075524771
38207819
506636001
1096783533
894052929
280532797
606684529
286971930
810757718
1392236328
887184269
669135416
188904411
415153643
2013487112
535994257
125646502
1542016015
1185319550
1085788002
217587945
61125761
112441584
1240683293
1274182894
1031529686
386155325
1673317626
1167301809
1070954895
137283320
578368630
656573955
196741338
436170428
1209176444
1199701417
1167624726
988534807
726541142
502983840
998920393
281395490
936672073
1123576308
514412489
955887571
442724424
1683379427
1296627284
394819874
331639007
240725578
1442278806
752249346
184890818
1255737803
773750532
957295787
530880887
1088217379
1285349303
814448419
1421584497
657751080
536587421
1143317049
1314705846
72139648
4619640
1652842752
771378490
1238202337
735320894
1515809578
1115825684
539960182
536479475
1980045327
1141901593
210496043
1043023073
245411293
1562087452
1034256719
383718286
1317982973
5349960
1465593790
53876764
387306031
257850808
510526844
535050100
1783907044
919869229
367136857
483425737
155880454
18396501
614340404
430639154
942775122
1750467945
569975814
1042970769
633069459
705953526
608963970
92459684
781149065
1390052850
1479540921
1573007483
392834105
827535938
1591375704
1125902517
928342905
1118629839
409912153
1550313621
139840486
688558565
600952124
913585160
2013597497
531603280
1020030700
410369600
1022498541
1542706278
381530285
221887408
110555178
2062128396
546834366
529052650
961024363
1102123961
1432489617
526362067
1079620239
713968449
1297541051
1695884970
77010981
1057598386
316657455
956158213
273586927
556919017
1074851039
428494809
1037670052
1573466077
812599550
1803182044
692072792
329556922
587403065
644579800
1224284347
1068472735
1038596786
471892093
914848784
1153347144
228902783
283285325
201991861
312070264
21869025
421640282
794959934
1027593467
534869025
1413381838
208371235
1206925737
1456124136
180445881
1685835385
768508939
754767333
1058782907
1639413189
1473108475
1382627383
1231999132
532396519
244069556
893928007
1765451741
753197138
678916075
574964794
519889831
1581953688
101740378
910516055
296639605
1494159493
456120971
396082907
51790728
173197942
23725950
978063280
1099801297
1733979405
570625504
520294930
306392747
909912195
639666585
74162913
525907051
1999490755
1073528529
291391773
236770949
610742783
1209896643
1046215289
195398709
1085856417
159916482
79844635
969093600
1219304654
34642219
438925252
541641798
62895695
1411525563
462015102
259405771
1569478373
518266933
849359771
1013563113
1755778472
954405062
1067332223
204061519
463645498
1011578430
139185603
1153670476
1210155613
1615488711
63418441
333731330
902234931
976705960
92902555
296906582
1189151756
325447862
326970900
802372806
159330289
911041486
263415082
75235326
811416192
161503064
651977886
109156901
543117550
371102374
1217489351
798293431
367980790
1075849099
769552653
44382869
1085976625
1421617589
816591706
935508762
1377846139
1814774324
724071544
1255249063
1300442443
1211546350
924291724
792598618
1552391725
144643589
1450391344
892468913
1778108290
582546213
1106997281
318801859
559554065
1049657137
169232112
123514162
1028042763
1207993722
258366745
1792503224
16642146
368532764
462930421
1216439169
344130286
206797775
1364639541
158532241
601959115
316410752
620353268
1633125682
103644581
471135245
1695752359
1073428732
546127419
1368879674
2008333039
609349041
258331769
1035662525
243267319
1144557239
555741690
1519066891
309773261
148634834
1504862518
382728144
1090750457
938179246
270657026
1189829168
1065125198
1175462980
1181901443
2072077585
232284085
1614377100
5651846
1244204608
298498707
889954650
346014940
98981747
1553655212
1337170326
835527534
786359771
503492630
86799202
1220769146
268332628
1829739290
1224627204
509306639
414065778
178110841
1038743481
167871076
1642084663
1778368175
681469116
1266207378
1658842042
1574650
1048228237
133620844
472344120
1132259939
322840778
908672633
630562030
729007318
659155698
1624028040
19643665
767478808
933425654
580987920
166107255
462304280
290051206
1965636258
1477346842
446387666
1092595724
1684652487
1619302217
245701517
933873176
437384620
1223969322
949219796
459843458
806959253
529931379
210770635
1627348508
174232078
92131633
493660969
695982655
956630602
2020467476
17826047
932978396
743426811
526918015
691051284
263126040
138570742
462870259
411918715
1285076208
290633165
1364162786
594048414
251218570
585544982
1942153324
49775173
106103157
415314117
553554152
236024191
1913187790
233711399
344039112
108928742
1774403006
519032717
371188234
373375139
1424736270
674265063
1127041547
41254466
1787826265
1379945390
1878509868
1400200280
1781560840
28316737
2072300135
1101905338
1335971746
713791329
952160209
66124613
201736804
533793200
1064527764
483040837
752352189
267865534
1052504558
807839534
135260310
88973894
157378524
603986489
1674367187
143132605
648072266
1393087210
1352045051
817767407
503836644
1616434355
985096443
312545319
1125114501
1104353974
819361384
1390104801
944759109
585064824
346319859
843558051
617789111
393091800
518321206
1630113475
517470755
274076801
410860253
600938184
424323320
173008670
1570855406
380984087
1701170303
5012380
1651408423
785467639
599314120
2086007035
168443735
1628992966
853376897
1294450033
369529650
1786967682
276900813
1007765483
1583475188
1303266798
54895942
2070292907
288573424
1378483749
845701590
1411109827
429074459
394034242
1503089080
813345184
68110559
1547165388
373068621
969330618
225131483
155243542
886477400
430485189
115288846
322977777
979416367
835826918
525475614
62345384
558098124
1800617576
1153291510
1359757964
1397377391
896961980
556073944
574137162
1458375149
508560561
1423739757
1591119415
574650247
709583683
195031717
345132342
1125799206
520058294
1747846161
271879897
197493601
1077812738
347462827
764597621
135165960
380788665
223010278
257758812
376114382
1738943090
85016176
174248437
1111285048
329749677
42845625
786371308
175094679
243145964
1255624993
305002539
459325148
273696239
189639568
145087442
29700678
495440124
1194916512
1189645511
1006749332
438816783
1208639702
1082091130
184680644
1908161897
745091417
1195671105
17176854
197148537
33378341
1004863804
926024820
262776828
1464321715
74236094
1614371687
686714685
271094501
1003478160
892930836
814809192
64973739
1305340392
249316617
73264224
1231792448
351270193
1969214730
2114846308
503184508
1498162145
1067172249
1684711682
1399087469
345784915
877228763
1030760970
830285988
258118920
507187591
1093797513
716689409
970546983
1401075394
418115722
1412541168
737817473
480409004
1355439355
248074183
926221554
114499318
197087008
1028773724
293514736
180939533
832123055
186808121
221760182
286990442
986894113
1194122484
1239467012
44159145
1243338220
1034846404
774720858
919749205
299971257
257233802
1400000061
1644454284
542666002
1604820889
1411473230
326029082
586294428
1407423027
1030297752
1030112462
212577199
662761517
1617602924
1638895302
1018724390
264021914
599416387
1346521480
1295926251
1157804382
169470459
431610963
2018590600
190258660
1064137285
1070124807
282303813
1244098438
876220307
781725658
755055301
832685089
510887746
1484959310
117037371
1492489049
485472167
613142019
555854449
1561181612
351984003
349033524
118523025
223044562
268841249
127436050
30572979
797464417
2008045657
659378243
1147881172
355408747
393972298
1256850046
1581682251
1539999614
455521217
1670397339
411784358
833037243
207885479
1059721144
6005455
353154891
598751889
10252793
1716663566
371826736
72742307
718425967
1502209711
804326344
505204078
276010049
379118428
374241909
620463183
918401787
480880454
1274974807
1671389002
670941655
1158885022
514818225
1047686113
198958538
366767404
824563879
156044830
1239953804
1599296762
1090022961
72775661
391303734
650664383
351540510
1386293647
1339625254
1627745204
1184321471
1085865860
1058103099
537393746
1070726169
191722586
969020393
2075993559
914565324
1251044336
1712424962
1574167643
616466090
1384216083
1163501317
500279614
21554882
993928211
263934594
1148619558
899810041
1869969868
171086784
85308769
598830854
304952875
272866144
621190621
978751195
722121642
1423811971
1187610409
134579274
1560427408
123047745
1275951892
723601105
258687702
550247055
665720857
490674615
1017688377
126870710
66097043
1307642907
411097051
410818176
1144047725
356878528
1963301451
733441798
1064755648
332734762
738943661
393830758
913924662
1456633592
38547681
1133770451
93218140
371832769
237674929
1246623951
514849062
545018533
1084054544
128917638
1305192608
413491652
753852177
1012714061
778232440
1567872886
552655456
1916823486
12468843
1191166211
269976633
2025395696
280018437
642397791
1684338605
407887843
473388394
1650884024
1723217573
295172763
823374516
625137907
63750115
1486157312
1712602339
281766796
366780734
445584138
1481185094
1677863647
575994658
1225818595
1428854686
683789376
804072511
273074290
346968195
1954620523
1295976680
391715642
273656379
1180995542
650837506
194716956
452036871
101213466
1007489859
290634439
416453169
1090057965
807967677
560929341
1331916287
539393131
1762165599
1075300886
456646251
86034035
1358645109
1572116317
251549481
209633529
195074226
526986036
1021435287
111683771
61260570
327114016
604537209
1391240885
1042928645
79146675
976561744
689318219
947494431
682426190
698642546
1967394363
402724915
410654758
1117368973
16115474
1826399114
398258921
456517811
1594926911
778415100
580145020
355232909
1193980474
423897629
1191367759
237397200
2103448711
122378655
1505179074
1175359278
160589183
95886031
1686260872
1240054
1347434860
365201025
365129558
731481645
331591192
788899347
7034401
207542898
889098659
84727914
675793937
1090039147
391048955
263351652
1183765331
85569089
1444261007
1196044547
291073767
511275931
1731688217
27110912
596749068
647260039
118163802
1052506930
205894797
130842374
933830721
997691636
45995681
1028645724
1787918847
210794629
790846202
377421108
530878453
327714395
1653519757
581122447
234784135
1069182121
1510100383
834275160
329650675
1367101101
759858180
647194556
460758938
42148824
815986704
403790677
1833754556
1173397902
1704311271
1145933085
982898394
703038620
175188664
1500126949
50294131
680344583
1613268804
1692145370
795421898
992612947
964964060
1211254289
1393911082
1134206212
388706763
1535909864
651712609
651709866
1037213828
545931570
1284626526
389801576
458801740
681687043
577958177
819639927
921198155
176679080
874371459
179270836
1242903962
472849095
173741315
1431795864
180264645
1158333275
634158153
1071483025
1204680946
404667613
1052149180
499767690
2035615843
340567331
953797640
928439806
1585171062
903916825
556435788
1904267935
1150804712
1026904478
973072653
261472007
288592896
1354459741
192817368
1648427421
758616635
1559320689
506079216
1605235594
1414223970
1659853033
36654559
588101201
638194200
706965664
934843325
59195392
124522581
794153032
300146759
764778650
801195814
918622347
1935971739
1260094631
1107409328
704871156
273529967
844645336
843168036
903690593
317324876
1536210316
1815310105
1866684722
602062823
264187698
544372099
922380452
420151400
344155346
538494893
328996458
1263319170
814293170
1979138703
522345958
306666593
690239281
1673281746
375309407
1521137014
1230174567
439046688
375778980
1173846110
517425210
190550380
1333052741
1876574743
868602574
1624740680
2032268368
547530163
340102800
485294916
55575540
1815281864
558606522
1862862992
1275298928
671770199
540741817
1098088238
843118933
1089920690
2057341468
413267847
838453141
1975417843
399429394
1715909075
770294084
268057237
574950626
949644620
691393239
1125018536
648950813
1046334874
430215971
164601355
850469069
1683723163
362069405
437044764
638073721
1389681574
431465732
11106995
214393462
665780305
872047854
1279378151
946944975
1629015524
1528565323
1077289315
663432184
1490987587
697657151
1655957743
697799825
1232101474
51841093
248125897
2018533749
1075965280
1073194400
713632481
788970978
1848935519
530052694
1191027725
138330597
2072775670
851372140
1879445494
855630600
794702921
1356474007
983493861
842367772
332091059
783845858
1098269718
84814021
97861782
897954364
265427346
1665258622
1053494636
734185714
220146873
226167665
590979698
44925415
1012167732
482967314
1846464671
528012417
617066968
195031972
113498437
402470975
24556684
312968607
296749234
767832298
156510493
170592983
797374436
120887751
32003180
598814697
1293835109
801855954
1499294835
225454917
522837643
506300808
339387949
271434712
396743564
440383944
677011444
232072916
207422292
192927054
1231568253
571702920
1229213664
1886122811
581188252
553675465
491798305
2013512431
1107874254
1157318102
1075683616
372121796
1189118184
128644120
285505819
585271069
1548945342
823454465
326306500
590508871
1087292783
1011705065
1660809927
30182178
695922603
459439794
1081732240
104926828
17942370
70177215
789378686
865635684
260750692
1171791419
613842608
369895637
36275542
202911918
313282856
1830409161
970950467
504147840
307626845
911058014
825389134
1964724900
229444579
1333555452
280753661
47674962
465642895
655891972
424401349
1454973512
914095075
1642680101
542790875
1248693083
1109198003
345558503
549977698
744529288
139495856
150238005
1351776459
1948527739
1002777254
48104979
575564343
181128209
1281798255
587180449
1107499901
767476367
658569724
532426363
34477547
1671224961
805782048
50718232
482364195
907078045
256841552
1835077132
813007832
250037522
500811961
5887085
190794433
191232145
1157769402
121616182
1264122473
771578015
212057227
456035144
786866502
1565718349
489482411
507773600
1582730809
23574966
1002005085
1052889565
636590354
660294252
515841495
614312882
144840963
913308335
1362680585
585854518
404019460
1405948408
301400224
1472342762
129241878
359400918
1416290987
115325175
1087506117
722282574
1591950478
180786961
388178339
1604523335
1237898343
672999303
18900217
789885931
526027802
526955179
273131935
728405794
612530883
951335435
617073890
117795111
1220367591
1448640789
68072174
1677857257
723794779
797532490
741588172
79225014
614005510
573286702
1200108704
162175974
247004436
15857762
291236944
101546035
350434836
314605528
1823011306
821899794
706343655
929916394
1931020826
70490806
671098144
1122713348
682563861
1072543991
1533000960
1076557529
1047020617
686982820
39568872
662423747
849734164
1417024391
1908814
989873023
1130423207
339976913
1135689469
525586510
769460962
1684257910
1005331673
813506296
412184799
725724365
1893036733
418277894
1908370277
1453467084
619675657
360157551
47953215
1081732526
1471171333
460281496
1417569463
1589849103
638767276
125891269
1385654261
354477053
336148971
250020369
1651846151
2054595779
862663481
626801610
1424620323
1209611531
1004881536
1046208391
340517150
402736225
659536756
359121908
1921161756
1564006590
1434751806
117196614
550160853
1073944870
447809211
181815171
1001034773
352064565
30235406
838814651
684763227
950453245
1010614844
1611203494
365863473
132124179
289837074
1195762313
1130026515
539024852
661510588
1544454339
29243207
1346703417
2092670038
1824202280
114007184
444924355
612006861
87696989
1932324968
442601460
545858949
399722654
1211507316
1151298738
263558632
749909947
78000052
1526011206
711799637
705073140
248275787
1151350488
3248805
748632933
260428047
276515007
231044259
429696199
774698225
1456303978
1107050900
166966471
303300011
1488960521
5928016
135187143
420254392
807206710
352907515
324281105
770119937
819399980
198839749
278429199
1275515025
55918270
794506651
1075456394
9536314
419483243
2429634
525785382
1129046889
557710057
854503870
846562959
1597537561
841357513
1625246024
1998047554
260528299
847018616
305323107
422556807
1509715691
760317823
55553312
1024174821
1088599892
950701299
767501147
142692128
1754768739
305005638
692228421
177208454
1147092028
392055891
891266366
870697754
680621811
1111337001
403298784
1262389223
64304565
491581420
608216344
248261492
1500868811
337709083
577080236
360080400
1019065995
471915050
664813760
1455602023
1323715809
389832563
1618746871
967767401
1414026820
492773874
748436863
880465861
81576900
1277590896
882610214
1717778635
725724711
1493781241
1560492643
519170833
372928311
1216023906
1508686714
526388380
1117488123
1474087235
364936502
1881670467
83990965
1552365225
927518071
254550161
804834989
631680316
1568536190
705003444
499917615
607399688
313544474
544367505
565619511
26062225
930206572
74794657
14746084
962285677
1318132611
138363395
567631638
514447907
254322579
291527120
1587248752
1461964262
318095786
1393937484
271292898
264960816
1749143047
760922912
1652661291
1447324760
270645300
435028239
201422581
463333789
670746324
1838795465
1103238633
102717263
173116750
36708526
1762287335
1163871409
360560145
688768601
1435795691
245040173
1078032753
409145243
457606985
2034556843
174686656
82647764
1528102188
1779567310
5402883
869457601
1874981992
439958517
364404055
762833566
167746329
575561958
1624419956
572630527
1308746405
1444072395
1185215433
440114048
984069707
1045308364
1175191088
655623769
1067206169
677997288
249756193
1032847288
475535367
473323806
997905227
796412071
967100734
718960727
501267715
1313689027
251586575
933665500
1360323203
552392648
478792478
362565609
758053879
163312248
1215584962
1197357433
36864155
2123170017
80494689
303440079
1752101337
920840046
1315380440
108789165
218320875
1670258074
504655926
1055470553
1699417773
554701872
675305225
572030847
542685846
1948322032
771658009
835064808
64232165
6246354
398350788
1171783398
1345420438
550193654
1174479833
106475080
117792208
873416510
800230389
146822820
465307169
1249667114
1080623476
1702724333
1076882889
1099609987
198107070
41336546
485009510
730027894
2061512636
65935522
1346992495
698261585
398351947
1404065542
410618765
372907581
986078721
587252430
8757019
865521900
1903971643
810770243
1781988431
233116529
629461779
601422038
4870171
358040581
898698720
1603432276
393197708
148899281
570457086
341005143
255305899
397629028
977957261
661169500
1716159248
872728348
109926615
61498993
6332029
1368197510
197819748
673955091
405293154
238798400
57440830
575980435
656617102
1998470309
1417195933
1073928775
319882476
685389290
815798036
658209873
74989993
678078713
301704972
1405810367
148272694
1777448604
1111704626
42527254
1884763532
165305468
1059416622
1339819632
498277356
1104426720
1555522434
1420483433
1595103270
1103304402
1241425407
784839941
216094910
1602605596
121683303
195525356
964709494
297517706
548786949
728077776
167770433
1931764991
1734491017
775379976
83683145
1224421195
1622987221
1168112093
607427568
622583524
646766197
1359056230
1455237040
15598947
1882794301
895752144
1142035596
1448784742
842921060
1830356440
738886310
1440490011
36587870
72151217
1879441100
186472319
397411651
690309418
916248376
537583936
355214959
804679393
44241114
746659223
139319418
1617177693
796746334
656059018
805289513
1940188948
381311357
1778963024
1794093563
1065207389
1886838822
1359298737
758893262
872816734
298973963
1929529355
805869789
359704657
446715758
500351244
920125227
300620945
1625126283
777660109
104161851
182874148
671621418
744767265
1229274751
323191904
515808756
930402625
2318370
1218585394
1538934191
1049802992
52166759
630538738
71496986
844801688
1342563166
1617613356
219180491
100186675
142855625
345513498
700543994
6150196
339755376
339992030
512097839
2072276558
380228235
453654291
232823918
45104034
336408178
1279996355
1954451909
535400250
451401698
1959265986
1410590845
1033380407
1121457687
41742617
1857961413
652808168
1599895995
1376318445
362612025
1459061923
295062140
152070935
295187043
1751013243
284047453
935355115
942851418
1100723132
1063362957
1450710033
625913880
111783555
437520831
367000147
1486441145
192115627
716900688
898615454
1166005827
1783516353
1054494577
1837370237
394580194
1156756600
1299877176
781141012
153661318
546076175
145537360
903998829
225940181
1319912728
1501150101
767509324
65009585
135260209
1641634048
1883228751
360467092
1011624571
1380029462
1407915001
366508926
737664472
593157457
1626682270
256188621
957714184
1340474392
297272090
131871775
1149248715
711086240
879921473
1115461461
508188100
1721057049
551655688
1040011961
1417436595
279621210
439175956
164316131
278198443
1496797946
1424392526
488760787
917798919
1179691161
269000848
1863150461
1282628812
1648758983
377731564
721437736
625041038
128311564
322207150
1781916808
478074729
421556643
67275214
853870638
248079909
1518804026
1164181199
1406771447
295267646
595083894
192676036
1371274739
984858443
672021416
1532220014
725210990
1440116943
14068711
1116055590
53319028
267024344
866879916
1288397381
1536652678
2008907662
1242523456
1593547114
625808977
128967871
556607390
767084077
873045815
1052292169
80375309
82259729
188111535
135955203
1012610563
1526225949
1012552835
1118428217
229176681
108984095
1077879075
111607130
243032654
712570037
500571643
419337953
704799808
1588069066
82044468
1587386048
92962610
647120533
1219056045
1870381125
703475479
230164820
1459393181
141166577
355914759
9990840
743360840
378751797
457785129
1891246949
297742357
664294308
210251381
1895319542
303004182
179795855
270883851
1677745639
695737026
1692429278
383695590
1035019201
1066607664
739803661
729273749
1060818404
219980112
768886814
1117219526
353153318
338171297
395912470
306331980
733116268
143701829
757227859
209603659
1212350001
74998996
898224333
1562661067
1169774932
1618238454
687015792
634162094
692098838
15712067
939952947
608747768
70456508
363195883
704247827
1559202500
739899014
784601566
431050483
1621451472
1252151630
127846401
138048437
47950068
703929988
1360509497
1012535125
215968724
345931828
1623417000
373780436
1814131036
40316083
1200423690
749794712
785518539
767829572
251180637
270080230
715074750
1273333293
528573005
676998542
199221599
1764939553
104836385
55986074
135943302
762671001
400175289
128885650
961149251
456419952
1091188188
1202265266
1190359548
1868761345
1347454254
958922183
190323599
166876749
53279755
1448960127
1443637088
368559532
483581839
319931369
469448867
400606274
969340
103755965
1892467021
35181498
1520540699
809910758
196272746
861830930
830327106
720130250
828088544
528520579
433945159
365558301
746007116
225236984
1567346094
1318041411
249638273
1105560263
1881935247
1100221212
128183754
174769963
767716069
360822625
40224787
262434116
377920070
1248165714
246583115
1237159169
23084749
1010095416
920232480
1086830343
281547301
1428174592
286647202
400619001
57989253
1452765586
684429926
550445055
1314955717
1055375335
963424631
211945346
634990657
698692976
1266055903
766976616
528368445
1555692565
545110410
486896929
1429129141
1205110932
823916758
312454174
674962529
743129278
1788308950
557060165
846854357
1049326619
677417457
83796214
384967368
720324333
117060763
259778997
534810012
761069162
2014489255
142226121
490599232
597240664
1115596176
62324317
1096932246
285743873
1744847475
409509696
264984271
1478958487
763265871
655987129
259252526
125104534
724791115
425863672
2013647489
715596206
79956998
542058920
1711659699
713885266
962299573
193769664
586350025
1320956337
337128431
1290028244
110129149
326780032
188409453
64738473
1527845841
440661324
1440398588
436080754
500368739
234595610
1538986409
1065114537
672566031
1106467856
1953312659
172364045
985027943
440006280
1033180020
1208759347
93044372
1482245122
864404884
1833224232
1902905753
161109725
1303644333
18464849
234781941
737389021
383193431
2063872437
1159694837
167366956
337221660
1175540574
400548007
505478141
1079274969
919478310
1197092018
2017743547
1502339520
143886251
932309314
594833495
1879752987
1201862574
543181893
622884609
334599565
1565771243
799494590
856449416
140442897
332039870
1360023839
1042452108
1284079915
498201093
608950515
390043199
1559417588
1844407834
1062602929
1187507049
1646527760
1689186640
164042252
492001769
2017732962
1319643695
375972528
809229980
912874780
420497664
518987226
265118331
226369604
754717668
211241884
560250035
255625158
490437472
557077822
1089855233
1686935943
353847170
701687052
613175089
818957215
208517269
415915666
573800456
547114810
1090609577
2063397507
298407823
1039634299
258652467
255035374
347655288
1801041174
1881280236
1775038040
68316213
386994463
495804517
108137734
149571245
116912810
401807667
209733039
373069275
1111215707
452157503
93400067
339751294
757231726
755797810
85896392
1201629375
1298550325
504622498
1458069508
239022857
103388636
403708217
56896093
1103035602
662950473
972323528
523292244
1647575940
749145177
1676064071
1166639187
1748066248
669657594
1223088201
1603892910
1210827847
1885034076
732270082
180392471
339984992
648289556
677625010
1309760154
1364456366
284529296
1425221999
1330723160
636428563
892302067
836952562
1226495524
523545896
1381057622
438000884
964290900
1176007852
171605680
590492618
307516314
286138177
298006169
1327757216
534646540
158890940
1247818641
174998506
769438531
777256217
1365156190
107526550
170168829
1099163456
841529546
512721549
1336352688
524239995
1260456983
709898905
237984646
129322262
16588758
1710899957
169784164
547395248
1786969228
423089686
795984118
1219522850
371421529
449922107
59020177
1720377735
323145875
537018920
1373393441
18579788
1563966757
575605918
1208011602
459780712
469896162
522060169
253842496
1938194260
86602722
601795679
1267134203
1130848059
463911866
266924795
1101257934
1114676826
96235480
124869437
1024960857
646891763
40510232
289838304
521771620
1287070834
1212582154
122944125
618866528
1327669593
677669575
538524029
1282080484
1097219073
880206688
143630730
360845725
67962619
133280292
30495803
1483133165
567106427
1208291688
1509835089
1095998601
1111942384
539390419
231040780
813026647
1739612547
446219388
1125042756
1300579155
1288904150
890289034
273480150
524517976
397736928
643424820
141752768
495640152
900814674
1818130800
1495960395
1343487212
630165025
517614989
1186536624
1015970267
1795331280
250443108
453216986
634789739
1907481239
444130069
299453700
1076394176
1197177955
1619768231
1691694465
84504636
46034290
210189046
469745705
1079527643
1074610440
133668906
869874422
1288763878
352649794
436880188
480747806
1506984952
1800572035
767149928
635607164
61693275
106084928
1329980620
1109356206
1799332494
263442098
16500200
1134796822
969182328
2021013027
1603816945
1081624167
1328582721
374086816
1208450394
1621722914
1158675541
1675757094
883784991
44068733
1398532528
1760367687
1577956566
581495287
1407352289
200994737
449668642
99651924
397154142
1007822736
18615174
1136733857
2121230016
1002279905
589699795
1834512035
1382092985
657231964
1090749560
341193812
1745214047
244805247
581306576
1568240001
46910241
503189687
1397550401
1036731741
442204428
1375667240
1275332319
1238029090
321372442
398194178
470245050
137974360
442656238
1093388174
738700950
224895439
920978189
1309988633
1541296696
586762709
1187181166
1436307249
53966616
712695743
1622231190
467553766
760594889
11417715
1604944973
380189190
223141944
484513997
610301453
195936813
76303868
1250148630
1567631908
702713448
1218453400
907060134
1583035243
524443462
1270156417
2033059131
1065714427
1022264404
647409216
653628711
1471022023
903771799
1038584412
420155190
288749836
551612235
975933915
1198888916
137218104
1644711133
1088105611
1280053589
1697712433
801831491
1247504895
366235268
1253391484
804258727
131249199
529712751
1266169935
40621545
1862683897
993027534
1149944418
485448921
762160169
442274030
1992231374
299314523
1421706418
576897848
1222452359
173830701
1115823648
220671764
1476613777
460108359
594196053
37130877
1950392356
1054624188
43984773
1618509676
516740356
323658418
811728370
1399329211
961054278
1488611527
222088285
371549034
1001415654
659260062
818459118
1914360964
1972370305
796607684
605100575
1618527466
1244379054
1954673973
936397003
1273922567
244653033
873007978
112422497
520863983
834754497
1172098585
1837521647
1320156188
560450145
241590605
713019072
1022404009
632531339
249589690
511294079
241181086
384562835
113225927
327082734
93716725
772690730
617599083
866723338
1147416712
294864529
244898778
297614072
984360403
438637839
210077137
1089387957
310700010
756395986
67285947
308985195
880830206
545317113
418842501
688888201
1163247452
115844260
1055877929
1839417616
64322910
16111353
660258277
658218559
578706871
1376518024
162018818
290606971
1157881211
1670726624
57876373
1466078458
493404431
1303121450
46056281
1094206042
1387018181
1804216532
542409722
499465368
1538511931
862073279
117264962
959964515
256653247
46711539
132054755
1200346550
51021033
394252015
338471243
728722091
531845509
788208990
594309300
1055366383
702856058
1712855471
128461929
829176148
1131862209
387674921
632936920
644795480
1159009312
1069806732
626369738
874270327
283113048
1490426210
18902820
1241783783
812582161
424912964
1770357007
495512376
162536952
708347601
614690495
1036795416
51949191
1445207627
830216983
1106512252
179392137
395245441
723398472
1494510697
1535750452
1117465015
1142036001
487358212
1066754977
604017873
256483122
210432749
679926670
757533557
1181988789
64928584
996119315
940189586
300542340
263974716
86919874
1446585610
555576701
360669284
240938274
761143392
106106789
535861545
489346661
372707606
653973041
1031541240
957828156
215100708
401693623
417563021
695385153
1436021697
713201411
661398573
268850235
264048087
416064634
1125838766
1237788903
1685676683
723446847
1368604984
1435905604
1299933719
1479028055
747604499
590633050
350213007
12912523
1493732725
149206230
915002939
800946295
1039375585
791331183
132412325
174195856
189493857
501846068
66762824
1444256794
163329663
740627169
208654348
297803499
1000878361
1040280438
729872789
748874076
201000346
817269295
355847361
1352991705
1495138145
1258744105
274617719
530742079
1771585160
731230284
96882540
972487451
288055111
1713190474
221266323
1386319095
538644478
982689709
128204400
1946318095
790177772
1045989562
1784432921
2102596988
144088861
1235236282
547286377
1064377325
1914449821
1856060118
934169518
1697598022
150559750
880408974
809079308
1171501471
1007080052
1138498305
532478251
201984313
1088053216
869131442
203280329
1553558835
1378106992
239570904
116897139
1478972604
1168614987
1829007956
1264730600
687065007
453135121
744925431
831655864
1610650515
604097582
1409398370
636180157
45939654
876076654
219535333
380079868
71842744
718105752
1095197178
789193287
1137272828
258084977
1276077327
1074773817
706671000
297436157
298876563
1752328237
113382554
1275594509
573220197
874549745
980571831
34822450
330519283
256492330
751830818
1522696136
988858133
757406938
416788586
876297593
767176318
762660901
717305713
870287136
358226026
1267527664
1286926387
776856395
921427723
1337386272
901629412
498676090
1276473607
1188825698
21004108
557234417
220053023
635877713
884682552
189877805
1264284553
1103250571
26284161
607744170
656703525
912319766
1017063474
1376615035
839410970
936272703
388244136
47851672
543831439
542097793
1071240005
632632014
1200134683
368431385
248461644
96253939
1776263555
81154724
92995218
1108628245
1186360285
981314858
51935250
1421880409
384033616
1056731412
1538863885
393868924
1502829708
983972716
1087839562
5195186
579195702
1003892783
127205593
1357652220
887413890
626225524
519403651
671804426
1718012868
268099134
355047460
1379045228
1601975404
459710464
842615870
426040814
1799684692
737256674
517889983
522463816
530543760
1125415420
337017623
1630173109
675898235
1079744265
1020257651
1846344593
1104454916
474235188
459581124
340470532
2039771048
982834231
225689366
430196283
1638078769
39991737
412385272
297090257
518397497
960342343
430650200
1586683031
140525176
901246874
102482649
446322576
443492604
268533779
65134213
1059668331
541111020
81527433
501115171
475176077
1462868998
274636294
90494367
1936496656
293480942
377193224
552359056
761200368
1361449171
240654669
1597442509
658635728
1000942252
478679281
467115091
445744651
748468352
1519012187
505338107
599085537
628639401
329556777
1555103279
1709059823
419055964
68472150
561736501
2095335675
1651407797
447133055
425246414
221482281
1022887400
1240065966
770479464
190308051
1479521125
1535764545
554067447
701459650
1469185853
1665382303
1213358602
132672794
39835088
1888067342
1411568341
2058525016
1681477130
196853509
1050794453
1347964605
474949896
752938402
1218304927
517325655
1079036033
1381929177
227122546
717088572
550942520
428670427
709394559
1930257005
534034871
494775491
113989640
136791518
1386977403
1000717468
1519402557
186318842
31811765
544590308
155162769
385577267
866771885
360055759
1158356335
1328146276
1143588261
774670346
747793292
2100513164
472111103
836440219
1244659680
83618432
176942548
386395703
983161162
799946313
1337711881
802855225
153015839
135369664
1059144413
1150346292
1240402382
261207761
682731398
1166044414
1003658465
1931753918
1646900081
391120421
372519755
593665812
1097193155
876602835
891734865
164500630
1492804965
751951689
498586492
390028320
124290684
1244194742
1156723586
1458555756
1785653259
1431478870
994158092
1965782977
1149523650
102885448
170783055
689677509
583970451
158300727
512445559
437988842
394456056
387355413
1855740898
79638216
738132689
1933561285
689295686
1035852788
438232021
1030122033
1362874790
661632096
1874963135
1198019439
400390337
1099046404
1301158552
73466682
206322546
240356154
1703915260
57760417
1723647853
962899192
847989310
426055154
1953691780
135043416
115029783
941129009
1136118937
152770850
986749090
1020164310
1210130817
1254692421
1041678071
631329541
774333004
1056959377
31900761
521094684
665914420
969705179
956067113
309831436
1563754963
408252200
111554621
319145004
437967785
1676142456
440266374
1299811740
602382997
335849444
137811935
498419622
22054740
1121904662
302148223
1083636899
542082719
100467317
1346757873
2122056291
1074216408
787934615
225860158
1480902329
849295609
221008655
366839677
200211040
947244696
716167776
1200845018
729389947
1066066023
1295820031
1598931789
976540070
792535969
832004961
14648860
1256387264
497040245
206297141
600498086
1309903343
939726577
789163701
229765168
38984917
337549357
36557668
250856777
989182126
1698515485
507643602
1926860349
1173021944
62129584
946415271
254380882
413459220
401944251
629693741
345873898
1364620472
814680564
311106781
1194429927
1231553272
247352053
671230690
258649157
267427986
1433053
49022967
620966177
519133400
386223550
200292283
789529630
889949302
556698210
679917556
343396068
280056
356710879
1054980398
257833139
725487712
2059747240
591220472
325266948
1280222259
1084671386
481545746
752695145
558110003
794841933
1099226086
532440308
193865571
877367310
1019371607
282896122
424715990
435712256
1478513659
452315810
362719866
1777587266
350991812
428543405
805187356
1288970217
712976525
1821829188
929295444
824923891
347932457
1709424855
268599453
1512205136
251042870
415792851
218730124
1370975721
1090586395
363607742
694864141
1151150338
952029964
432834092
1275094879
64003522
1272812508
249770628
1398918439
653582645
783636061
1216248634
1818587676
1208810389
608182308
1075156886
1060708512
1078942742
801210577
552886543
1350206723
1355308942
1278179277
8813048
535639860
860199056
1161440224
69731574
127863267
112114520
428724622
966784667
804081559
604101507
511037815
278803071
700540319
145348654
1192287550
1415392760
123186769
725757096
365810999
1325357035
626815407
236032608
866609307
260802717
328842088
690840786
1345882633
1486164842
7978772
67195930
822689202
220492415
1523171016
213615078
1916786658
138495336
318454378
620661346
625431822
420594236
192827071
1949690965
1194384507
240794535
926390065
1463463466
768271894
1890983481
929481137
450037021
224196942
634606909
773167107
89798522
1600212770
317816069
235718499
514176534
564839962
702528186
760431733
1564181902
640755987
497528165
1393609980
600298107
432094812
85308525
435345379
895026766
834714358
535553902
688188374
1956770591
1597143752
266340804
96699749
481524579
2021869114
614892922
566065529
1662603855
2012657656
1429225211
339327647
76661277
537968615
1036143008
636415386
526276298
319718860
609079091
1451588340
1115364870
1980984446
1011818559
1472665121
1612139412
1404059832
185330781
196953946
789635683
1693895100
263733745
463718412
798280881
44257449
207978057
316483258
393645310
1142947261
842769417
1225961510
1636078682
65879721
1736112589
1837027842
1328872479
457954559
1069764238
1512440456
667353224
1571915054
373259141
1656028732
911658807
1697853878
66129223
9027377
162708771
514744280
151526974
1225242702
1957619631
605102803
370082533
1595504844
1619120236
315752524
1089351253
738298547
1060746831
1673416991
242097952
895154879
1090187904
1286159433
121442605
1540745529
1179582615
1624207591
882316864
207057802
58489617
777780092
579296663
692747019
1606978274
612995282
341823251
1022504500
1320939937
286845556
1362654702
219732973
1488949001
560008381
561408159
281273806
396100301
1434492577
455989374
309814002
1478808447
848987606
861016375
308548343
1119530605
1857235605
744227532
1558654267
1207060937
1402689205
271656586
1049345067
556650498
245552918
282512899
885179288
748954987
1257216724
1326632468
989893898
303103367
1499655156
340610592
1021006282
700461652
755220758
45562793
918142893
238859480
1232899754
971013122
1179376571
1789939798
691181846
1366662505
1537159503
940336426
280711033
709473871
755443073
112412059
1028886649
580803600
1642117566
1987693962
674082282
973975383
506058014
1625383415
591980296
873651714
1088701740
798892077
135575508
1024804503
1196567243
1073791788
3614988
531380212
1242998540
343862848
1868279425
1409343055
674296011
711781169
404140121
646789464
530727708
815134138
1032423361
274597412
447910560
751043789
1339472360
1213539065
1201917247
1472067844
1721570504
845609972
580017436
1611232580
401592301
257009185
1145882512
65544970
1626898967
339912113
959082206
943162209
1357946923
1095372469
550440688
1986044874
1495004740
926010642
798258722
1068319121
691103505
1132805024
560214591
557623165
399581514
1086642405
287244576
147697412
266383949
905916182
496603829
506615212
30188088
385342390
1103910065
122990817
75653216
1319113426
485962766
854867431
65812859
1130830736
1381315126
76848010
596321528
581851067
129992384
690742424
62463783
1613725486
514341497
1473869605
903224099
669617090
421553148
604800613
451908988
177007824
806979440
222376898
1787592240
156186577
1570305299
350546410
1937896188
100645936
1101152901
344299677
166611673
428690819
259687826
942287898
1268558940
1140315213
671630890
674157454
546470843
1015966094
182437148
155120811
211919750
1731991859
35532173
684201235
1637846987
616123081
985707756
1266502770
1933819691
189288331
1870849527
1370555008
300460554
570775636
538524056
141018729
190079690
873889808
1241994913
592252162
381881759
999890893
114453786
611781886
1476424654
721316282
276855196
12928494
390166459
469766615
167378437
1986639982
558574877
99472937
382578759
694282799
240172854
99389189
113638458
374950101
281501465
214568414
344799340
418121151
876675639
285434341
130109253
1752277378
1264572723
1420345780
485484451
1081592871
541297058
1195779162
16304613
1862309040
103548197
1568184673
1927541370
1168312734
758928571
985330635
9059720
1784684565
433150579
935183356
368818578
242943457
173622929
1621887848
602509017
436225622
1134615158
204309059
1521945018
1238658534
2015923143
472789070
1532822199
1206539981
33453965
1625683323
1639948993
10437785
3653038
1028792118
1078464593
575686468
1171646049
438968949
34869501
368695144
1570874389
1884810132
1483238712
334118468
29170858
91779221
711491514
1070550091
513292588
56345807
552382768
1260924701
910224443
784016306
1053506344
700566097
1701574918
707722892
532449275
459549423
930602211
268340105
1807810682
1865099810
840291615
1395287778
744725689
634824950
1834957764
1221474520
480889353
90596276
769155201
1153277544
492873413
1024506662
1083041606
1091465180
618754164
1624185607
926178375
946919054
567515278
709455411
733922523
292717919
402275053
824241026
569349526
626377092
555105535
155340841
711094884
127031540
1865347947
499481205
942841079
1298718936
916812894
687760359
590939359
49432512
4136813
1967728050
992605801
255478592
1677099009
1309851286
1202311287
512456939
265332286
1042367716
1609359954
554655063
1384857220
647662581
402763666
851886132
661724588
1915289067
96873881
62139650
281774750
939624587
584647619
554190529
952656531
1830594165
1354109928
612280121
297119878
268045272
58383570
1095968334
1350756056
968788470
576673361
1626831146
1416472676
1623446401
1602243829
145367089
2000989953
518894975
1489646031
336048076
888562696
711214999
1463535991
1059625486
545382770
1113909414
547842125
156589436
1267758523
885275376
1365876897
1036741624
605258027
546203806
1648883324
447730597
51203139
1577576512
998325565
74317071
2044315783
1070984120
401220720
793754850
45806902
1295571872
144874765
695618737
1923576083
73660101
771208531
1089484722
783310879
1058990037
1077969650
13348784
925366113
662123349
929993742
1079051228
956294687
447710017
84064600
693524991
42412133
927692016
419728677
567374592
1292668321
435714421
1336082804
954856167
1299162077
252217410
1048605742
377777227
93019424
677526303
265872454
401676149
11821911
590581514
1079742082
1201418566
369756005
1308512120
990240937
66548252
167410190
1086568841
1349553847
1169950153
685871401
1422066856
146715061
312399651
1005412571
870660610
301164308
543826207
1282533512
535250209
1934534983
458428666
664247455
603650994
89389530
1427398462
318607372
402746152
430789052
589501743
1362996214
1007540304
537554697
1282199424
1231823744
402464946
248235860
265740758
22852064
1143929589
97787506
954367002
349285366
394568852
1176193720
351189448
248584876
528428237
141261701
1879438210
497663989
1611492414
771578594
1291149622
1872427638
368813953
165748824
50891221
961063867
112400466
783797410
10239484
41875943
838809926
150140974
1140247826
258725879
1130213271
670706315
761958089
682637740
1469693376
331346332
1625854757
873752955
883768035
221185820
1510069543
30359916
643804258
2005306170
1205861915
1138088350
2094521313
939860101
1126747343
242994690
1594983626
1466889677
1260936256
1468513475
853578872
579263988
340403598
669226813
1063095393
1153299544
161904312
1580790113
385895457
697811496
1000648787
837771857
838848228
385909552
454044952
7411189
1003447390
831136841
308530190
240453130
244708980
1671078599
358746592
354260182
220688027
505585260
1961409624
1009135570
1092199784
616197021
298242057
347478110
835613846
890778134
299036091
1164213390
104086422
308892707
828325657
1630699318
434698397
560652058
361296298
1036166532
1078081580
1882699538
373336439
1625779293
1640157864
712540430
375015357
1667690489
905923921
1191604988
412766186
492843845
460216989
293835943
84930208
477379119
301837039
1088116906
92144554
910884361
1373852145
1280159190
1529688765
162542981
762783394
1077148319
1508579027
164913850
535691890
606173823
1377967158
1453915394
1407747616
569986902
1206192233
139544177
1001852825
154596319
1507818641
1644862124
1238140639
416787405
50198614
41242207
1825814104
905615277
838253129
1225338084
80094401
1406283443
929540884
82636037
1631613858
367446766
84659369
149671205
296331993
48824929
524166100
417141862
781859394
22478600
710751000
768590309
1362809041
377783583
1099037494
69029574
1099062908
180586577
866927364
1453804494
1147907173
1481506728
828576424
555074303
314072788
437350824
1333537463
1294273278
14676699
117953992
1308887764
128166084
120902401
1052720470
868391401
461114641
111570667
668100781
1505347145
406114394
647918757
531065984
158637135
1032300594
860501928
538228669
711858508
829087311
581179813
166973866
341252989
671198989
317023204
695372030
364434278
602112202
658358185
467580024
268471863
674831364
1399483560
482409776
1084743690
1895180266
906925285
591928362
999228843
892458765
663678795
1045258482
1325125813
1288678581
1640698179
395901225
1819248225
323446115
543177553
1619898225
1995165048
689424331
1071292171
233958975
1031895202
1647668430
784990662
84710503
470953734
263495608
111103547
1023188013
1492990205
1191480665
558773517
795166357
127018888
1183709962
316976894
1457090123
1654664003
1130114307
278708112
1206930569
852144590
1209497593
1578253885
212021893
938622916
981931860
1203929501
986308251
41130865
1696294489
1144520719
597135008
1175455259
1691591219
1467883358
62123941
380806091
576800817
1379362286
1081028785
830536345
210869584
438482866
877531808
718133994
956418678
418707547
322496401
137351249
438602337
855371448
31967872
755169566
668697472
911721057
1131892214
359548072
695392566
889557638
1142724830
12608871
190141988
1098075582
277032932
297085425
1079417838
507537567
663296612
629751684
1703240498
1138241505
791301146
813210162
677325882
491491769
587707505
1656986203
858008885
796230105
1888182191
1446483026
1015086711
741709256
344544046
952003402
689853063
148099025
1128304006
1089704894
26543110
133090003
1541669002
1064230856
1028023429
1527436722
465243053
251833540
424722666
1115415385
423536440
118929743
1031509421
32052637
182271014
455670752
1370757939
1316732072
577414682
1904369097
448471800
609415968
487611096
1236205417
512662220
516814326
83728818
426395834
318624933
881847204
76645008
324372667
536586804
821269173
285049519
327922923
1771698414
1135290459
403166729
876675214
1256491396
1215821397
695522143
577458490
1007128565
186520835
