50
50
50
69
69
90
69
69
98
69
78
78
8
19
19
70
54
54
54
54
54
54
63
54
54
54
33
86
11
35
94
35
94
35
94
33
33
33
33
33
43
43
43
43
84
43
43
91
38
38
71
38
38
48
48
48
48
48
48
48
48
48
46
90
46
90
46
90
26
46
26
84
17
17
17
17
33
17
17
17
59
67
67
44
44
44
44
47
44
47
44
56
56
22
39
22
46
39
91
22
84
84
91
84
43
26
46
46
46
46
46
46
3
3
3
3
74
74
3
35
35
52
50
52
52
35
37
20
37
20
20
99
20
99
37
48
88
88
71
88
88
71
71
71
48
83
27
27
83
83
83
51
8
8
47
42
42
42
42
25
25
25
25
25
25
40
40
40
40
40
40
21
6
6
6
6
6
6
6
6
53
90
90
49
53
53
53
18
18
18
18
90
18
90
76
18
92
95
92
84
46
14
53
38
38
38
54
67
38
67
67
54
53
43
6
90
6
87
87
87
87
74
69
69
74
69
74
69
74
25
25
25
92
25
25
25
25
25
25
69
68
56
3
3
85
3
56
56
3
25
14
14
14
14
14
25
25
25
25
25
25
25
25
25
7
15
50
59
19
50
59
50
59
19
50
59
75
75
60
60
80
80
62
42
78
30
89
89
89
89
50
50
50
86
86
90
90
90
90
90
90
90
58
41
23
23
23
41
23
62
21
21
21
7
74
7
7
74
46
24
53
24
24
24
51
51
65
65
71
48
3
48
48
91
48
3
93
48
91
33
33
77
77
84
84
77
33
33
33
33
33
37
37
37
37
37
37
37
37
42
11
14
85
11
11
11
14
32
37
68
7
7
7
40
7
50
1
1
7
40
85
44
44
85
57
44
44
26
91
91
8
32
32
34
65
34
65
65
34
65
78
78
78
78
81
78
78
81
78
71
90
64
64
99
64
71
71
99
71
84
27
27
27
47
45
84
27
45
45
62
24
24
80
62
15
15
15
15
15
44
44
44
74
52
74
72
63
3
63
63
3
93
3
3
37
37
37
37
37
61
37
61
37
2
7
2
7
7
7
2
2
2
7
41
25
45
96
96
25
25
25
25
4
4
29
4
4
29
4
4
4
75
64
28
16
16
28
19
19
53
53
53
53
0
90
54
75
43
43
51
51
43
43
51
51
43
66
82
13
43
12
12
12
12
68
12
12
81
68
92
73
73
85
82
73
85
73
82
73
92
85
63
85
92
63
63
85
85
63
50
31
31
31
39
50
31
39
31
31
65
65
43
46
95
25
52
48
1
67
1
62
1
87
48
62
27
2
2
2
36
15
15
15
15
33
33
36
36
69
33
77
77
77
77
77
77
98
98
98
77
77
77
77
77
75
75
40
85
40
59
85
40
40
53
53
53
53
53
53
53
53
37
31
86
86
78
90
53
45
61
82
36
82
82
36
82
78
78
97
78
78
68
36
40
50
40
13
23
23
23
23
23
23
23
23
23
65
65
65
83
65
83
65
83
78
78
78
78
78
78
78
78
80
80
80
62
62
62
62
62
7
7
97
7
7
7
65
65
8
8
74
8
8
74
9
94
94
8
9
9
1
24
24
24
51
24
55
82
82
55
55
55
55
82
40
40
40
40
73
33
33
90
33
33
90
93
41
41
41
70
70
70
70
93
79
39
39
39
52
52
9
9
9
34
34
37
9
65
6
21
47
47
21
47
21
47
47
47
26
51
26
26
26
26
26
26
51
26
45
45
45
76
76
76
76
76
22
39
39
22
36
53
36
8
8
50
50
50
93
93
93
93
93
93
93
93
93
93
17
17
17
17
17
17
17
70
70
70
70
70
70
70
70
18
12
18
87
18
42
86
42
86
86
86
42
42
42
42
10
24
2
24
2
2
2
2
2
24
3
3
3
3
3
32
32
32
32
32
32
39
39
41
41
39
39
39
39
39
53
54
7
51
77
42
89
56
56
98
94
62
94
94
67
84
88
98
98
84
69
69
84
88
69
47
33
33
47
39
39
27
0
0
0
80
80
70
89
94
52
54
90
94
63
69
69
39
39
39
7
39
34
86
42
23
23
63
80
80
87
63
23
23
21
6
82
21
82
82
42
65
66
91
33
33
56
31
28
28
31
31
68
75
68
75
75
30
30
30
30
30
30
30
30
30
30
21
30
80
30
80
30
80
21
21
80
38
38
38
38
38
38
72
72
74
14
54
95
95
95
14
54
72
66
52
58
84
84
84
84
63
58
58
26
89
89
70
26
89
26
70
76
76
76
38
59
51
38
63
51
45
51
38
96
35
35
38
90
38
38
38
38
38
38
52
90
54
54
54
64
64
64
56
64
46
46
66
66
66
8
8
8
42
44
42
42
42
8
8
8
8
91
91
8
79
65
65
85
67
79
65
65
79
65
89
13
33
65
52
52
33
84
73
85
73
73
85
73
99
85
73
85
59
79
60
59
59
59
79
79
41
26
26
53
5
42
5
5
34
78
66
78
52
66
52
52
52
19
19
19
30
30
35
35
70
32
32
32
35
70
35
90
90
90
41
42
41
41
44
42
44
44
9
9
9
9
9
9
9
53
85
78
53
53
53
53
53
53
68
72
68
69
10
54
54
74
54
54
54
54
28
28
28
28
28
28
28
37
2
92
92
2
90
2
42
42
30
97
93
88
88
88
88
88
88
30
18
1
62
81
74
20
20
20
20
62
20
20
77
77
77
77
77
77
77
9
9
9
9
9
69
9
53
9
44
44
6
84
6
6
6
12
2
2
2
12
62
12
2
20
2
87
66
66
66
66
61
61
61
6
61
61
61
61
6
55
1
67
94
1
1
97
48
28
28
87
92
28
81
85
89
53
53
53
53
53
53
53
8
8
8
53
40
31
31
10
10
10
89
89
89
89
10
10
72
10
10
30
47
39
99
73
32
32
32
73
58
32
32
58
24
24
24
24
24
24
24
43
42
42
42
42
42
42
42
80
67
26
26
26
26
26
26
26
36
51
75
82
44
75
18
82
76
38
51
38
38
48
51
48
9
9
9
9
8
8
8
17
8
17
17
27
45
15
27
45
15
85
85
54
36
85
36
36
54
62
93
43
43
43
65
43
43
93
43
55
3
71
71
3
80
41
33
33
41
33
1
24
24
82
35
24
35
24
7
33
7
7
33
33
7
33
7
59
3
3
3
3
3
88
88
74
95
60
60
60
60
60
95
91
91
60
83
49
69
69
69
83
81
81
82
82
10
10
10
77
43
1
35
35
0
1
0
33
33
33
33
33
89
89
89
89
89
89
64
64
64
20
20
20
20
20
20
62
62
62
62
81
81
81
81
81
81
81
81
47
26
47
93
93
93
93
93
93
93
93
93
49
43
49
49
58
49
43
49
58
57
57
57
37
54
19
19
19
19
57
57
62
24
57
62
62
62
57
56
70
50
50
74
28
17
59
94
59
59
59
70
59
59
59
39
39
95
39
39
39
95
39
95
39
16
16
16
16
42
60
60
60
14
14
14
95
54
11
11
11
15
50
61
62
62
61
54
61
51
76
52
76
52
51
47
51
47
76
94
77
23
23
77
23
23
57
57
57
57
22
10
10
10
1
1
1
1
73
1
1
1
97
73
64
82
82
44
44
98
3
44
3
82
60
60
60
11
11
11
11
11
71
71
71
71
71
71
87
87
49
23
23
69
23
69
23
23
58
58
58
58
58
58
58
58
58
76
35
35
38
1
1
1
1
24
24
24
1
1
40
40
40
40
40
40
40
40
96
10
10
29
39
39
10
29
29
75
20
75
31
31
31
20
31
23
40
23
58
58
58
47
99
47
71
60
60
14
14
14
14
14
14
14
14
14
54
56
56
56
56
56
51
23
42
23
42
10
23
10
23
0
0
0
0
0
0
0
0
0
98
34
81
81
82
34
82
61
49
49
42
49
65
65
65
78
65
78
78
44
99
80
99
27
27
27
95
95
95
95
95
95
85
11
88
32
32
32
32
32
32
46
46
46
46
46
46
46
46
46
45
45
45
45
45
98
45
71
71
71
71
71
71
71
71
67
57
57
57
57
57
57
57
66
12
87
87
87
87
87
87
87
87
87
87
10
10
50
93
10
10
93
10
10
10
49
49
49
87
87
87
87
87
87
94
60
39
94
39
60
40
40
40
40
47
47
40
40
94
53
11
11
91
61
61
40
40
61
75
61
61
61
40
72
55
55
64
72
64
55
77
45
45
45
45
45
45
45
78
45
19
77
51
19
1
1
1
1
19
19
93
93
93
93
37
65
37
37
65
65
65
63
63
63
57
57
77
95
77
70
70
66
66
70
66
66
5
5
60
60
55
55
34
55
28
6
6
6
6
47
59
53
47
19
19
19
19
19
19
32
32
83
95
85
28
95
24
29
24
29
29
24
24
24
66
66
66
66
79
79
38
88
38
38
19
19
59
59
19
59
76
31
31
56
56
31
31
31
89
23
23
98
23
23
15
15
30
19
19
15
15
15
15
15
77
23
23
16
16
16
36
36
16
16
16
51
51
50
50
50
50
50
29
27
29
29
27
77
79
79
45
45
45
45
45
45
45
45
77
39
39
77
39
77
15
13
85
13
13
13
85
57
57
87
19
19
19
19
19
19
50
50
50
65
65
50
50
83
83
91
83
91
83
83
55
60
20
20
55
55
62
6
57
40
68
61
40
61
40
40
68
40
76
76
79
76
76
76
33
25
33
25
25
33
25
67
25
67
94
38
85
38
64
86
64
83
83
83
83
63
83
63
83
63
63
75
70
70
90
90
90
70
41
41
90
65
64
77
77
60
35
88
74
35
74
60
35
37
37
89
91
74
92
74
74
94
92
25
25
25
25
25
25
25
25
18
18
30
30
30
50
47
47
36
13
38
14
13
13
13
14
14
73
73
93
93
93
73
73
93
65
65
65
81
39
97
10
10
16
65
16
65
16
16
65
16
89
67
67
51
99
78
51
78
51
51
99
66
66
66
66
66
66
66
66
66
87
62
89
62
62
62
89
62
62
62
60
71
60
60
38
88
38
88
38
38
38
88
38
53
53
58
53
58
3
44
44
44
44
44
44
44
44
44
66
66
34
34
34
47
47
47
34
47
47
13
57
18
4
96
49
49
49
49
49
32
64
64
32
32
78
78
89
78
89
89
78
78
14
14
23
23
14
87
56
23
14
87
14
97
41
16
16
57
49
49
84
57
23
52
93
94
94
94
40
40
40
40
40
40
40
40
40
40
83
31
31
31
83
83
83
87
45
45
27
27
27
11
11
11
9
9
44
25
63
61
25
25
67
25
25
25
35
35
35
35
35
35
35
1
1
1
1
5
1
1
5
34
52
4
4
4
46
4
4
64
64
64
64
64
64
64
64
44
76
11
2
2
2
2
2
2
2
41
69
88
78
78
59
59
78
78
59
21
21
21
35
35
35
35
35
35
35
39
56
56
56
64
56
56
64
56
16
57
57
57
57
16
16
16
31
33
58
33
33
31
58
20
36
36
74
1
95
1
95
70
70
70
70
70
70
70
70
70
2
16
2
2
16
2
2
44
44
44
44
44
44
44
44
3
3
61
3
3
61
3
78
36
36
36
36
47
6
6
47
64
47
47
6
6
38
38
72
63
63
63
92
54
54
29
54
23
83
7
72
43
19
7
88
85
89
85
88
70
70
44
44
70
70
44
44
70
70
16
34
75
32
32
32
52
79
37
57
37
81
57
37
81
57
74
37
13
13
13
13
13
53
53
43
43
43
43
43
43
43
75
75
75
75
17
59
73
79
73
73
73
73
99
56
86
56
93
93
56
56
93
56
86
90
97
19
19
89
19
90
79
79
79
79
79
79
79
79
39
39
39
39
39
39
39
39
39
21
13
13
64
64
64
64
64
64
75
75
75
75
75
75
75
41
41
70
86
41
41
29
29
79
51
76
79
51
79
38
37
46
38
38
38
9
9
82
11
11
11
11
82
56
17
17
17
17
17
17
56
57
57
55
55
55
55
55
55
55
55
96
55
41
41
63
63
41
41
63
41
41
63
22
84
22
60
60
60
22
84
30
30
30
30
30
5
5
5
5
5
33
54
33
64
64
64
64
64
64
64
64
64
64
47
47
47
47
15
25
25
15
25
79
62
88
26
88
88
26
26
26
12
12
12
12
37
29
12
12
12
12
26
86
86
97
47
47
71
98
89
47
47
26
26
42
26
26
42
42
26
76
68
68
68
68
29
5
5
48
48
84
52
48
84
52
48
48
84
5
5
5
82
82
5
5
5
5
4
4
4
4
4
4
67
90
9
90
9
90
9
9
9
90
26
26
26
26
26
26
43
43
66
43
43
43
70
70
70
70
70
89
89
89
70
98
75
75
75
75
75
75
75
75
66
89
66
66
66
95
35
95
35
67
67
3
3
3
3
3
3
60
60
85
60
60
26
81
9
26
26
77
77
75
77
77
77
93
75
1
1
62
1
2
39
66
39
39
39
39
85
39
39
68
68
68
68
68
68
68
68
68
99
55
25
25
25
55
25
25
38
26
11
6
6
6
78
6
78
6
6
54
87
59
59
59
54
54
54
24
24
24
42
2
2
2
7
7
7
7
7
7
7
7
7
7
13
13
32
78
32
78
85
32
75
75
64
48
64
48
48
48
48
54
29
91
58
66
70
37
37
37
68
64
17
59
17
17
96
17
96
74
17
62
55
86
86
69
69
69
69
69
69
69
45
45
45
67
67
82
45
45
45
79
79
79
98
79
79
79
79
92
92
60
60
92
60
60
60
60
30
26
76
30
26
30
76
30
26
56
46
46
56
63
11
11
56
11
63
63
11
61
86
8
61
54
61
61
5
96
56
96
6
33
6
70
43
82
17
17
82
94
94
57
48
32
32
32
32
32
36
15
84
84
15
70
93
95
95
70
93
79
70
79
85
96
65
65
73
65
65
73
65
73
72
3
3
72
3
3
72
79
79
62
62
62
62
62
62
31
31
27
27
54
3
5
5
3
61
5
44
37
37
44
92
8
72
72
8
72
8
92
72
27
73
27
90
27
27
65
65
65
65
65
65
65
65
48
63
48
48
48
2
2
7
7
7
7
7
17
54
54
27
27
27
54
66
66
66
94
94
66
94
66
11
61
61
31
87
31
31
31
87
88
7
24
24
24
7
90
90
90
90
90
90
90
55
79
79
79
55
79
79
55
14
62
56
14
62
56
14
98
98
98
98
98
98
98
15
15
15
66
46
46
66
40
66
66
11
11
11
11
15
15
15
95
15
15
84
15
84
15
18
18
18
53
77
74
77
84
89
77
74
44
97
97
97
50
37
83
38
93
93
38
38
93
93
38
38
34
85
16
34
16
52
19
19
19
19
19
67
19
19
83
83
30
30
30
30
30
83
83
69
73
73
36
36
89
89
36
36
89
98
38
38
38
86
38
44
30
19
30
19
19
19
30
30
19
30
17
17
17
27
27
27
17
27
17
27
10
95
48
48
48
48
48
48
48
48
48
26
26
26
26
26
78
26
37
71
32
32
32
32
32
87
87
7
7
27
27
7
7
87
32
32
87
0
32
0
0
87
11
11
11
11
76
11
25
26
1
1
68
68
66
78
90
90
66
84
84
66
78
81
81
81
81
81
33
33
33
33
15
15
15
15
15
89
89
89
89
15
45
14
77
14
45
45
45
45
45
14
75
36
75
75
36
15
15
8
8
15
8
92
92
92
92
92
92
92
92
92
81
81
81
84
58
58
8
8
5
5
5
5
30
49
30
30
16
16
16
16
44
20
20
44
67
67
44
67
59
59
59
46
5
5
46
46
46
5
20
73
20
47
31
31
31
46
46
44
44
44
77
77
89
77
77
89
77
89
89
77
4
4
4
4
4
4
55
55
4
4
42
42
42
42
96
20
51
20
20
51
51
94
77
80
77
80
80
77
80
80
94
55
13
13
13
55
13
13
13
55
9
39
97
9
9
9
9
9
9
88
88
88
88
88
88
88
88
71
72
71
71
80
80
61
72
80
38
38
85
38
38
44
44
44
49
49
88
67
78
81
99
33
81
33
81
42
50
50
42
42
50
42
50
66
66
66
66
66
66
66
66
66
66
48
48
48
48
48
48
48
56
56
71
12
65
12
12
12
12
12
12
65
3
3
3
3
3
46
3
55
33
33
33
33
33
55
33
55
33
63
45
63
45
84
99
56
84
56
56
56
84
84
99
32
32
32
32
43
32
32
32
43
43
18
74
22
28
81
2
2
82
9
82
9
4
0
62
11
11
11
11
11
36
62
62
36
36
36
36
36
36
27
4
27
43
43
4
4
0
41
41
0
41
0
41
0
0
0
71
87
87
63
